829579570
1468787410
1587015713
-1624122046
-1274207439
1135882079
-1044820601
786008359
-20503009
-1188877622
149902358
2013937884
-1208833471
-1804780112
-1721983325
1128480213
-618860147
-958860340
-165654173
1008637805
1933402972
-126554215
-393165122
-184331990
1158068061
707685435
850638185
1223919940
187390925
582187423
-691395661
-1204778136
-1782215964
-1342548256
-1520976866
-943273031
472302482
1090096876
-1183688912
1286606358
341416299
-1783448729
2057293451
1901739426
-656666658
-378793521
-1588236997
-2075805568
-1429736275
437460704
680366415
-1873407010
1208085912
-1702538183
1897747114
-6513611
1633627483
169954366
-1682095334
940840398
-146996261
-724703168
307600297
590971271
-1291534949
1641196763
-1051759821
-840570410
482969204
-676396897
-743335368
-242648050
1691698053
-36425486
703191027
-215453215
-321611673
352346420
-661732181
729714469
-895382619
-902379484
-211161784
-1766443045
-626033045
-2127306878
-957518808
359424620
1225943932
-805148172
-2145238221
1955260980
-1723424407
4223789
-1906719956
-2112420284
1971153919
32616011
-1010985910
-1834358685
-242851583
1370412672
931083271
1378207830
1790198806
-1361578508
388037686
1520033633
-258492924
141145834
694159195
1785468941
-916905186
242492193
-1779988938
-955812310
-2095143685
1295218044
913005217
1069185815
1635896168
1941037540
22088603
-1117713856
1306820767
1692628845
283862691
2066321896
-1296859976
1302036663
96363082
326990888
2006449247
902629014
2072385027
-435082186
1182904006
1182685429
-1995121859
-241169430
579669725
1374798327
-1479939149
-1055036034
1767480256
2130954078
1503858946
963331477
-2002344847
1575067184
-1174324869
-432799362
-331048250
423670935
778110522
1519713721
114565540
107640329
1455793783
-1726259015
1772833389
100511144
1789236251
-2039652885
-389237322
427371242
1947075990
-1223285514
-27030723
1287228540
-2136266513
-2088042172
1894939930
-1060219549
1689287708
165965249
-2020390349
-718753692
528340627
2066620642
1804039157
1332250022
982710304
-555920151
1026693952
254985877
-1842564871
-97726362
-1751238494
-1933175800
688125711
-1491963136
-265051193
-1263459675
-682066778
125454965
1399889456
-345996924
-2047501273
1370452958
1252316451
1181722386
24751413
-1566880457
1158024930
-1576835017
1712658173
1174911775
793114399
-734904901
1635234770
882476763
726908590
836828133
-1795663368
1594103968
-1117027716
364961892
-697590337
2118652433
-1623151169
2105940595
-673439533
232951046
-1926247570
-650366665
1588069074
1458242190
1329036020
923790443
-22264033
-696639945
1866431519
1362928446
-1352645643
513016204
724567646
373626235
1146121918
-1418413090
1523244843
-612486422
696850853
533068359
173728710
-109808394
-461965718
1295070187
996538915
1864019599
-70487436
1009899137
-1898406620
-834963887
-1705492436
-1304479983
-2000886
-7041307
-1565875832
681462526
1864811817
-510266969
-248756251
-1398313657
-1570348069
-936091767
1092803865
743224329
-668149322
14261302
-330528312
1936824904
-513887487
-1585793158
2105347318
-798162450
1309865571
-1484846880
-1841547042
1947914771
133472221
950583708
-1492195071
745715070
1296848633
1339701419
1393608065
-739394197
1949488195
1067537720
-350853202
-2074284914
-260068872
-551240895
401912801
1433333335
-2146475011
1906613882
1208188040
-1102872969
188166930
259743601
113164930
-363903837
300652359
-1750575374
-1077205331
-860149608
2088943022
-1397656660
-1445502788
378954334
1616020817
-1924231660
52285261
-1948071216
-134914202
1931187848
971404602
1844916314
1677754049
-1514339912
1889204270
-1221872636
648612489
1639192385
1006859387
-528452944
175982638
-1244199270
-866371029
-1909522785
-852365158
1530586675
-2073966764
1075539257
2060657830
2006712539
-2056154192
1998716173
-1767131953
70456673
-223116948
1686804501
-1523797976
-257135490
-1205270720
1841018431
1078619794
-438310670
-356751425
-1747295192
-446461397
70743532
1564183024
1436381738
605649924
10713006
-1597028580
-2122969192
-1211510762
1590895216
1060717033
1469077063
-1932385163
576772997
-818963801
-1705866671
1589143493
2030110908
1624184041
1227493909
-806090003
-2017201656
1318158935
1356950145
-559146485
-2090755741
2009040579
-1096115309
-427200345
-1987007250
1496451449
1740501276
-436503254
-1378355364
27846618
-819659834
541149072
1499198097
-180241109
-968483239
208645980
1629511813
1089655722
-1018877127
-1748429620
458231406
547066594
-426650062
1447682382
-1332009442
561839936
-549126536
1116775218
-52514391
-587063579
1215960296
226472096
-2142358198
-1645652036
954344084
-782137909
1115849606
693967567
-710790274
-751283610
-1721815150
-1080332074
308750754
443837015
-1460518415
1236352017
-290112455
1121226154
763892577
-1127791785
-2078693572
1894661063
-530091529
2093767277
-297185498
-1626634777
407401608
153697179
1436507390
552539332
1524277323
1675617916
1243289236
-924428913
-2099952452
1732352022
-919832822
1117585959
542585282
-310136791
529746837
799307911
1846094867
690821067
-1030956923
970233215
-557268009
-1965359820
-456635774
2144536230
198668683
-646645546
609908759
-2090252402
-186376920
-757731407
728610676
-1759461831
-1073515645
1970292452
1978846319
-467686708
-905073161
2093563014
-547081524
-1447502206
371109952
1007712694
-453162819
-1463063069
1600102569
-925486608
786111915
-1792093644
-116433302
-718052446
2106911030
1782263345
-1473152437
31264254
1446407802
340044281
-22964852
1054109714
73846676
-1294198199
-490517752
-1040997099
-567634588
-434739476
-1478162793
2125935106
911732627
-146840462
-605131084
127555690
1992323287
41162015
223954015
-1872412026
1367591797
-1913944794
-1023550140
-148284277
2117292551
-1535855081
-1943364579
1754885954
-1280950145
-1239200364
-183497900
1496338391
1859850603
1267465035
-1342079509
812792048
172123002
1217186335
-240887136
-2084429567
-476826818
-760426328
-1020889781
201695710
152595763
1608643806
2083920523
1642546577
-1638392833
1682093840
620540321
-651146131
-608389381
588593178
-922281829
-1179631517
16209137
1628171990
-988471628
1421470099
-1889417433
-577519406
1971044602
-1499301850
-1272455012
1193177667
-413397711
-47646886
-2111345263
-1114660550
-156578057
2071551453
-849764534
1168228373
-1541182680
-606089377
2105602069
-478428361
453152131
-478813342
-1610431605
1896314363
1829473421
375194963
-2122037483
-383538459
908437429
683033054
-1957275982
2060237594
1041007544
-893840002
1865705974
-1442248430
-1872656058
-95416238
-2120823467
1729002123
136448485
1136354103
-1340560479
-504291904
-1117761770
-366564846
-1166627888
-109416998
1364981685
35686253
-1313659133
701229734
-1879554139
532145477
-29803837
2053568393
-61518420
1911287585
-1951908979
-161532496
2067465114
1784224102
998591376
68930955
-1487680335
1675545065
1873353140
2136955771
1394996800
-224496186
-1508111138
-1080724535
429006480
-1938929553
-1837932686
-522194470
-1986615804
1206298631
1894117145
1464698528
-1015640453
1523788528
360170691
1548106324
912551160
1816449698
1376229615
1842468193
1824018821
1946984382
419026985
1495753891
1942079827
-834481310
1676733396
355749072
-910860506
-17796673
-2034578647
-1447255754
-632865297
-717891097
-1567090561
463319462
-679814726
-1214085397
1434537676
-1579744336
843694794
-1038135771
944948075
-2138232049
-1941829886
1913499345
-32473057
-1031981722
-1033976443
743704290
167721303
-1920033491
-1604069215
1278722323
-1704991565
396163045
-47203864
1315164219
1987032006
-596520045
-234552161
1384844261
-1339656419
-394627221
-1291896228
-1392819681
155823488
206339018
1274850794
-1049685358
-133512329
113732969
1434564719
1589241554
-171227377
97578959
649567441
1623890935
-1962273827
-611577081
1324072276
1630974316
-1977042109
1992544403
1343883143
-1354166010
-1075270414
1280041888
-413681056
-190004136
1886643119
-1684377478
1168239270
-1266865339
-1430447528
-1240453311
-1243256433
-318076970
2118110505
-2054418979
1917579689
1513812812
-1595372741
-2025685714
624213500
1146949753
141712462
-895492728
1878847344
516099915
1544437447
1954594398
622748780
-3025495
754319867
-192813764
-495851840
-895917695
1457258669
-539668486
-1110715452
-1513572319
1211989973
304653870
2147001025
-1776224570
-961170013
-855847454
-628036210
414210162
-657736510
-2020239482
1651695486
-732478206
630585313
-1465666264
1294544505
-1482244737
1731307886
-1774554911
-916061592
-917980749
-1749695580
1002821266
-1137021226
-1961342209
-1523305273
533546192
202990291
-870803348
-1731382354
1603901724
-364956900
-791214081
-619949950
-728405161
-1727716744
901130576
1157582276
1773210740
-2076537756
-261868195
-437058156
1434139759
-2045536782
-426166373
1103290159
-751121539
1909950701
-580504498
2137757881
-781935996
1668758849
1595924505
-1017484996
1368174284
1926640793
1938078936
1090371312
1286098167
-1189655478
2137501613
1806507452
1902268206
-1343739537
-2077924263
-598613508
279063197
-724253868
79434188
-946672764
-914794464
-950095849
-1547537410
1273066725
-1196288962
1445599116
-1007415553
-1729810
74820181
-934514591
299241293
1420646517
-248529129
837249922
1901681509
-337053097
1429687860
-2130923074
-1147950436
-1918087236
1142771544
-1089644630
2146612526
316414623
1678521944
2145528773
1726599575
1172538509
1050854055
-1140309284
1129026337
1388682156
1718080014
677340848
-2004468290
240851966
-778294628
567167701
135471895
-758314777
-569741350
1191881692
618020068
1633737452
247772995
144817332
1227659389
-1615641155
1875013618
-1555069363
1631414193
-590685579
1263047069
-663085699
-2146776362
-784594401
1563510465
646959911
402434081
-919843717
1070040606
2102772377
1349592119
1603956482
1883131750
1395024438
-696020989
875450408
-183337168
1576401492
-118235190
-533558560
-1843302862
-269670809
723910524
-1199647131
741199791
1640481886
47290443
960634422
-617643218
-14092723
208673665
705140321
2002931052
1761286731
620766862
-62763004
-1546474349
1375526045
1905431648
-1050734064
1768373163
940230675
797364215
2132048464
39344463
1271330994
-392086472
228960937
384763300
-29961070
-1652570880
-62126429
746531719
-1291260151
345894267
-398408409
-1507800827
1286830601
492498871
-81306998
1726917391
-1078072890
-2104901261
-500826422
-825708434
-1970360677
-130280899
644118
-2013083660
-247453394
838244027
648573331
-45539853
-1349632815
-1030867640
243848797
-1768608525
-1742724053
-2100107326
-1678112565
1100391838
1451781143
690382497
-698489354
-1196531201
1787771083
-144051892
500360572
1388894187
100219197
-7354457
2093995393
2034810559
-331354943
1590831344
183554806
-1224090549
-472506634
-312808501
-731577827
1737436429
-321012253
-1992031334
39897932
-1896948831
-404591012
965379858
2096144368
893500280
-495025494
-1659696117
-1715172396
-1702675768
101070698
1014459542
-699591005
-987103293
1873762997
-2143073964
168180139
-846158582
-1201028735
-238691067
-397054493
231295332
-151048378
-1879771809
1277957679
804120234
-950561820
-45734624
1659881953
1336583174
-1205287997
203457382
-465681533
-706832548
723979835
920292414
-1589970989
-503141881
-1791076810
861730426
-1536124658
